-1.542328  12.655747  0.940000 
-2.640207  14.210947 

-2.133997  13.159747  0.940000 
-2.350943  13.465747 

-2.433117  12.972547  0.940000 
-2.666499  13.318147 

-3.366633  12.551347  0.940000 
-3.419226  12.634147 

-1.325386  13.573747  0.940000 
-1.558767  13.933747 

-2.298344  12.238147  0.940000 
-3.337058  13.732147 

6.369426  2.118547  1.005000 
3.266550  4.476547 
-10.101887  17.839747 

10.047328  -7.504253  1.147000 
-13.270476  12.605347 

-4.845277  -37.258253  1.637000 
-20.602011  -28.733453 
-36.379686  -12.115853 

33.066576  8.281747  1.893000 
20.287510  26.814547 
11.425556  33.704947 

33.378802  7.734547  1.893000 
18.959571  28.394947 
12.411693  33.010147 

33.447822  7.633747  1.893000 
18.782074  28.621747 
12.671376  32.844547 

33.776514  7.514947  1.893000 
18.410648  29.183347 
13.713398  32.372947 

33.996720  7.201747  1.893000 
17.930737  29.521747 
14.452997  31.836547 

34.282678  7.054147  1.893000 
17.302909  30.036547 
15.659366  31.148947 

-18.691420  -53.271053  1.964000 
-29.488076  -48.882653 
-43.493516  -35.724653 

14.780146  -17.134253  1.990000 
-6.761957  -0.059453 
-21.484839  13.843747 

14.875453  -17.476253  1.990000 
-7.021625  -0.109853 
-21.484824  13.516147 

15.739869  -18.016253  1.990000 
-7.557407  0.462547 
-20.745225  13.188547 

32.194908  -0.487853  2.085000 
11.034210  26.587747 
8.177721  28.405747 

-1.230069  16.176547  2.091000 
-2.962362  17.882947 

-1.512758  16.669747  2.091000 
-2.321380  17.458147 

23.852461  -4.033853  2.093000 
7.457629  15.654547 
-9.766779  26.054947 

-12.159265  5.282947  2.095000 
-15.485802  8.508547 
-16.222122  9.372547 

-12.432090  5.477347  2.095000 
-15.291862  8.314147 
-16.080774  9.203347 
-15.965726  9.127747 
-16.044608  8.947747 

35.561889  14.452147  2.107000 
33.399249  17.756947 
16.113219  37.549747 

-24.643280  -55.409453  2.218000 
-28.583944  -54.005453 
-45.889270  -38.190653 

12.408284  28.466947  2.245000 
11.879063  28.848547 

24.049790  -1.859453  2.282000 
10.445589  16.709347 
-10.029807  28.686547 

-2.008829  -46.578653  2.298000 
-29.249251  -31.577453 
-36.986915  -22.609853 

-5.387638  -32.214653  2.542000 
-15.346563  -27.131453 

28.678395  7.831747  2.921000 
24.517451  15.398947 
-3.629789  37.160947 

21.196370  -9.711053  2.989000 
1.488305  7.684147 

1.363254  -41.099453  3.081000 
-22.426106  -29.701853 
-39.840988  -9.372653 

2.516870  -41.157053  3.111000 
-22.813978  -28.956653 
-38.986377  -9.635453 

-9.253754  14.455747  3.221000 
-10.253055  16.151347 
-10.871026  16.316947 
-10.979460  14.653747 
-7.021794  10.988947 
28.765351  -20.943053 

-9.335937  14.801347  3.221000 
-9.855315  15.924547 
-10.871026  16.316947 

10.000654  -37.809053  3.222000 
-16.901646  -14.891453 
-32.002003  -6.118253 

9.918506  -36.923453  3.222000 
-32.386687  -4.455053 

10.496965  -36.847853  3.222000 
-31.791756  -4.447853 

9.875741  -38.727053  3.222000 
-17.440659  -15.647453 
-31.778392  -7.590653 

10.017065  -38.881853  3.222000 
-17.641157  -15.615053 
-31.482555  -7.831853 

10.197831  -38.910653  3.222000 
-17.821935  -15.568253 
-31.153853  -8.019053 

38.712119  29.194147  3.238000 
31.727425  36.628147 
30.051042  38.068147 

3.427227  -47.356253  3.253000 
-29.532080  -28.917053 
-36.079916  -20.640653 

39.200279  10.034947  3.290000 
26.171642  29.550547 
13.983162  39.493747 

-5.384197  -45.415853  3.291000 
-23.684611  -35.843453 
-44.248203  -14.506253 

31.335971  -15.888653  3.292000 
3.970080  18.023347 
-6.837890  22.444147 

25.650355  -4.944653  3.292000 
9.111012  15.240547 

26.455612  -5.589053  3.292000 
8.838192  15.553747 

26.965050  -6.143453  3.292000 
8.604813  15.679747 

-12.092235  -43.968653  3.440000 
-19.904764  -39.357053 
-48.015078  -13.044653 

0.531726  -45.667853  3.492000 
-25.959212  -32.103053 
-40.629381  -14.578253 

34.515744  2.906947  3.607000 
20.872478  23.653747 
1.212273  36.775747 

-4.391672  -41.697053  3.715000 
-20.467040  -33.582653 
-45.175737  -7.918253 

9.432177  -32.041853  3.871000 
-11.077410  -12.936653 

-31.799037  -41.895053  3.923000 
-44.621693  -27.019853 

10.480761  -26.731853  3.966000 
-7.228542  -10.380653 
-33.344212  9.840547 

21.718749  -14.707853  4.070000 
-0.224222  4.642147 

29.974906  -20.741453  4.071000 
-4.342870  11.161747 
-11.768454  18.638947 

9.267809  -33.647453  4.103000 
-11.964842  -13.660253 
-35.197470  1.704547 

9.366411  -33.589853  4.103000 
-35.056136  1.772947 

9.096900  -33.651053  4.103000 
-11.889239  -13.879853 
-35.417697  1.711747 

35.748155  0.286147  4.115000 
18.357906  25.464547 
1.189260  35.803747 

34.309071  8.364547  4.116000 
28.133407  18.584947 
1.442388  40.105747 

-5.985599  -49.347053  4.122000 
-26.533990  -39.029453 
-45.671006  -18.552653 

17.834100  -4.375853  4.298000 
6.090063  4.328947 

35.415228  -12.033053  4.299000 
7.816062  24.128947 
-2.492363  27.721747 

6.329444  -37.114253  4.502000 
-13.871081  -18.113453 
-38.467776  -0.912653 

-31.437981  -34.914653  4.530000 
-41.404400  -22.116653 

30.257705  -18.689453  4.607000 
-2.130698  10.600147 
-12.488400  21.436147 

40.396776  10.286947  5.100000 
31.378228  25.550947 
10.896523  42.398947 

-21.069512  -11.572253  5.106000 
-26.565348  -8.141453 

-21.470512  -11.511053  5.106000 
-26.345107  -8.479853 

-21.207537  -12.087053  5.106000 
-26.749381  -8.692253 

-7.405360  -52.335053  5.365000 
-29.264943  -43.277453 
-47.064197  -22.656653 

-11.760054  -53.029853  5.638000 
-28.413432  -47.680253 
-49.900688  -22.707053 

-17.386861  -47.730653  5.973000 
-21.317732  -45.811853 

28.480012  -11.021453  5.995000 
8.358265  14.632147 

36.500094  -9.484253  6.064000 
12.132067  24.794947 
-2.965736  31.512547 

44.594848  15.946147  6.145000 
34.632976  32.084947 
20.584077  43.086547 

44.364799  16.421347  6.145000 
35.724223  30.846547 
20.054843  43.403347 

39.380216  0.080947  6.145000 
19.699200  28.880947 
5.209524  37.193347 

43.996848  18.527347  6.149000 
39.211619  27.458947 

32.565550  35.018947  6.149000 
23.388052  42.035347 

45.265419  16.054147  6.149000 
32.276303  35.396947 
23.611579  41.934547 

13.765923  30.029347  6.149000 
9.196824  32.750947 

28.029448  38.813347  6.629000 
27.046599  39.335347 
