2.605913  12.533347 
24.825115  -9.138653 
-8.536868  -2.262653 
3.033126  -2.838653 
17.922729  -7.410653 
-15.209510  2.957347 
-40.650037  -3.954653 
29.756935  14.081347 
-29.573073  -4.674653 
16.903578  -13.242653 
11.808960  -13.062653 
13.156903  -1.398653 
-1.700042  -4.638653 
-24.839681  -9.066653 
9.180099  18.221347 
21.012354  -8.634653 
0.896617  -6.438653 
7.043311  5.909347 
25.811594  -1.722653 
-8.471248  4.217347 
-39.269491  -4.422653 
-6.236197  11.129347 
4.840976  0.905347 
-12.711521  6.845347 
11.776539  4.469347 
17.693736  21.029347 
24.530001  4.145347 
7.470746  13.721347 
-6.959296  8.033347 
17.101512  6.269347 
24.727359  6.737347 
22.590879  8.105347 
8.522525  9.617347 
24.662007  14.009347 
-5.151406  4.649347 
-10.246434  14.045347 
22.394041  15.989347 
-8.241608  29.345347 
-10.608036  15.233347 
-9.391736  10.805347 
36.955958  18.941347 
-14.979643  9.761347 
-13.796349  10.841347 
-5.217210  10.373347 
4.643926  17.537347 
0.896661  16.313347 
22.131155  17.645347 
28.968745  25.277347 
31.039573  24.341347 
17.168053  27.833347 
18.220085  31.505347 
14.867099  29.309347 
3.986636  32.045347 
25.912085  31.829347 
11.744528  38.237347 
43.727719  22.865347 
2.803230  28.265347 
22.394425  23.909347 
-16.623476  18.761347 
50.334382  18.941347 
-10.542463  22.577347 
37.482066  21.101347 
37.449353  23.045347 
-25.067823  -44.778653 
-15.207099  -70.230653 
-1.436995  -34.914653 
-20.235582  -65.226653 
-29.109086  -65.226653 
-25.888270  -66.342653 
-32.757719  -56.262653 
-38.904016  -50.862653 
-25.133079  -53.526653 
-17.542262  -23.250653 
-46.297814  -61.014653 
6.615614  -21.198653 
-40.316981  -53.922653 
-49.618222  -51.438653 
-42.190700  -49.782653 
-54.318334  -48.882653 
-12.315505  -52.266653 
-49.980775  -41.934653 
-28.978730  -47.658653 
-26.054706  -28.938653 
-22.603733  -26.778653 
-57.046821  -43.950653 
-25.166820  -37.470653 
-23.030151  -44.022653 
-42.027603  -36.246653 
-11.395702  -34.518653 
-15.800137  -27.066653 
-40.515843  -34.914653 
2.934354  -28.794653 
-6.893099  -22.566653 
-42.257876  -34.014653 
-20.730259  -27.282653 
-27.665518  -23.790653 
-50.377044  -24.798653 
-10.935612  -32.466653 
0.666498  -31.134653 
-9.851113  -26.994653 
-39.333095  -29.478653 
-9.522668  -15.798653 
-34.831017  -19.506653 
-18.035227  -24.582653 
-15.734520  -23.610653 
-45.874593  -20.514653 
-11.593301  -18.714653 
14.964115  -20.010653 
-27.698930  -14.718653 
-37.559247  -17.310653 
-45.874668  -19.758653 
-38.381010  -16.626653 
39.026683  17.321347 
23.314329  14.225347 
1.554077  17.357347 
-11.954674  -25.518653 
-9.883952  -28.326653 
-25.594454  -30.882653 
-21.255483  -41.538653 
