12.100000  3.281963  2.135262  1655189095.108516  855769832.545288 
12.200000  3.270633  1.998142  1655189095.108516  855769832.545288 
12.300000  3.119048  1.895236  1655189095.108516  855769832.545288 
12.400000  2.639535  1.564487  1655189095.108516  855769832.545288 
12.500000  3.597619  2.254982  1655189095.108516  855769832.545288 
12.600000  2.919840  1.869723  1655189095.108516  855769832.545288 
13.000000  0.558388  2.294651  1684477870.345278  910974942.977367 
201.000000  -0.311812  -1.394840  1732826014.281622  1010481641.029334 
24.000000  -14.680130  -18.288927  1790594635.116822  1202474282.681227 
5.100000  11.417449  9.943072  1781653972.969194  1245576071.354032 
5.200000  11.604617  9.732580  1781653972.969194  1245576071.354032 
5.300000  11.647103  9.700348  1781653972.969194  1245576071.354032 
5.400000  11.830912  9.694509  1781653972.969194  1245576071.354032 
5.500000  11.889651  9.587557  1781653972.969194  1245576071.354032 
5.600000  11.987363  9.558952  1781653972.969194  1245576071.354032 
36.000000  -22.420170  -29.884551  1776411313.387850  1253174684.044846 
15.100000  -2.006116  -4.446792  1774253313.518906  1255566567.909320 
15.200000  -2.031031  -4.634267  1774253313.518906  1255566567.909320 
15.400000  -1.593725  -4.774710  1774253313.518906  1255566567.909320 
7.000000  9.184463  5.135057  1765408352.980839  1262694132.762797 
202.100000  6.023375  -2.168863  1764803129.025831  1263064737.122672 
202.200000  6.093818  -2.201269  1764803129.025831  1263064737.122672 
10.000000  3.937661  2.305415  1764600238.699473  1263186281.579311 
16.100000  0.857347  -6.092424  1764396777.634581  1263306835.995595 
16.200000  0.858158  -6.112636  1764396777.634581  1263306835.995595 
4.000000  13.970774  12.953535  1763164151.061486  1264009542.315859 
37.000000  -24.199434  -31.812946  1750873900.423670  1268936868.300406 
203.000000  10.166277  6.194322  1747665058.787686  1269737980.398576 
8.000000  3.856065  3.522231  1743144213.318616  1270605100.164240 
29.000000  -13.887695  -22.742915  1741147399.642524  1270900774.605331 
23.000000  -15.681713  -13.975038  1708145455.017142  1270293007.424634 
107.000000  6.809220  9.071357  1650944696.069078  1255414635.020197 
109.000000  1.173882  0.612562  1640287429.986832  1251499921.996693 
26.000000  -13.642008  -18.155309  1625777932.535846  1245755053.493292 
25.000000  -13.131061  -18.251048  1621030849.224305  1243781185.061653 
14.100000  4.894476  -4.869769  1603589837.442361  1236171365.664901 
14.200000  4.955248  -4.813295  1603589837.442361  1236171365.664901 
20.100000  -8.110988  -16.602751  1603431153.844360  1236099706.811517 
20.300000  -8.258503  -15.882099  1603431153.844360  1236099706.811517 
20.400000  -7.757385  -15.836117  1603431153.844360  1236099706.811517 
20.500000  -8.152570  -17.261104  1603431153.844360  1236099706.811517 
20.600000  -8.000027  -17.354531  1603431153.844360  1236099706.811517 
20.700000  -7.836830  -17.399350  1603431153.844360  1236099706.811517 
1.000000  19.352599  17.331845  1600892155.639426  1234947519.166405 
28.000000  -11.831693  -22.391981  1598511844.696398  1233857866.475692 
3.000000  13.578540  11.933826  1592641294.821770  1231132350.912059 
204.000000  -16.377908  -20.285174  1592482661.987619  1231057966.258730 
11.000000  6.009112  -1.748002  1592324031.268396  1230983544.462091 
9.100000  3.061177  2.636039  1592324031.268396  1230983544.462091 
9.200000  3.362831  2.397580  1592324031.268396  1230983544.462091 
9.300000  3.538072  2.207078  1592324031.268396  1230983544.462091 
30.000000  -19.315280  -19.740282  1568889621.680415  1219593817.767653 
27.000000  -13.610731  -20.374377  1560687541.049958  1215435232.641084 
6.000000  8.938086  7.675432  1542635497.548009  1206001382.207731 
205.000000  -16.390232  -17.548352  1525817711.554851  1196894409.460968 
18.000000  -9.294804  -11.521943  1501807706.978283  1183418593.988617 
34.000000  -17.997630  -26.322084  1493887598.096953  1178861522.660702 
17.000000  -8.338433  -7.599052  1487371991.186407  1175073688.856028 
104.000000  0.079199  -0.660770  1471745132.740323  1165852949.432105 
105.000000  5.144780  -4.547329  1471595805.774573  1165763944.332517 
19.100000  -9.526300  -12.689223  1466826927.848627  1162912883.291962 
19.200000  -9.419633  -12.657574  1466826927.848627  1162912883.291962 
19.300000  -9.708517  -12.714413  1466826927.848627  1162912883.291962 
103.000000  9.022373  6.469328  1465043424.162013  1161842374.431287 
106.000000  9.203756  10.428286  1464894918.457920  1161753133.983200 
31.000000  -16.879480  -22.722792  1464004271.693272  1161217592.784124 
110.000000  -1.136727  2.650746  1438181024.743128  1145452944.453837 
101.000000  8.074628  0.459032  1438036006.700478  1145363168.547493 
207.000000  -12.034255  -14.856281  1409009096.663913  1127134620.223951 
208.000000  -14.316134  -23.645730  1405070593.756134  1124623329.855109 
108.000000  4.692617  -3.008564  1394322358.947592  1117726430.755570 
209.000000  13.317479  12.482431  1328406196.495029  1074164660.532294 
21.100000  -4.964929  -16.798595  1327634865.609400  1073643157.556225 
21.200000  -4.991771  -16.852106  1327634865.609400  1073643157.556225 
21.300000  -5.120027  -17.031572  1327634865.609400  1073643157.556225 
32.000000  -17.936925  -25.011416  1295037679.733533  1051381219.502158 
35.000000  -20.603455  -25.552167  1262130240.430943  1028494601.778827 
33.000000  -21.785034  -21.843731  1223711228.207482  1001300017.914544 
113.000000  2.424159  1.500499  1221261483.756376  999549779.771721 
102.000000  8.126828  2.013617  1213635440.474370  994089380.257403 
2.100000  17.673462  15.776839  1204792818.121999  987735663.556196 
2.200000  17.575501  15.857536  1204792818.121999  987735663.556196 
112.000000  10.782242  6.954809  1204792818.121999  987735663.556196 
210.100000  17.828892  15.984291  1204359187.600927  987423480.596778 
210.200000  18.186980  15.917987  1204359187.600927  987423480.596778 
210.300000  18.224529  15.931507  1204359187.600927  987423480.596778 
210.400000  10.719313  4.586012  1204359187.600927  987423480.596778 
211.000000  18.089998  15.448854  1154332917.267393  951046330.641012 
