3.283252  2.137790  
3.271086  2.004480  
3.085024  1.877233  
2.66831978 1.57976034 
3.605819  2.259540  
2.919840  1.869723  
0.527000604517915 2.2486039839100607 
-0.311812  -1.394840  
-14.681605  -18.305298  
11.417449  9.943072  
11.597643  9.701969  
11.664702  9.692506  
11.861478  9.699810  
11.889651  9.587557  
12.052383  9.700184  
-22.420170  -29.884551  
-2.006116  -4.446792  
-2.031031  -4.634267  
-1.598108  -4.756314  
9.177775  5.143937  
6.020530  -2.178443  
6.088450  -2.203053  
3.931130  2.327538  
0.857347  -6.092424  
0.858158  -6.112636  
13.960210  12.927399  
-24.190650  -31.806107  
10.266136  6.199176  
3.856065  3.522231  
-13.869433  -22.801233  
-15.681713  -13.975038  
6.819292  9.054577  
1.173882  0.612562  
-13.606922  -18.109394  
-13.153535  -18.233152  
4.898133  -4.865554  
4.955248  -4.813295  
-8.110988  -16.602751  
-8.258503  -15.882099  
-7.757385  -15.836117  
-8.152570  -17.261104  
-8.000027  -17.354531  
-7.836830  -17.399350  
19.214650  17.195411  
-11.859341  -22.369384  
13.590917  11.915768  
-16.398295  -20.306972  
6.030499  -1.764622  
3.061177  2.636039  
3.362831  2.397580  
3.524434  2.192687  
-19.313642  -19.733196  
-13.610731  -20.374377  
8.951864  7.693937  
-16.360021  -17.578638  
-9.294804  -11.521943  
-17.982454  -26.314164  
-8.338433  -7.599052  
0.082560  -0.659960  
5.113565  -4.510578  
-9.526300  -12.689223  
-9.419633  -12.657574  
-9.708517  -12.714413  
9.022373  6.469328  
9.182588  10.434778  
-16.879480  -22.722792  
-1.136727  2.650746  
8.019310  0.481634  
-12.034255  -14.856281  
-14.321672  -23.644435  
4.692617  -3.008564  
13.265295  12.415542  
-5.015157  -16.884603  
-4.982346  -16.828886  
-5.093452  -16.975615  
-17.936925  -25.011416  
-20.603455  -25.552167  
-21.785034  -21.843731  
2.424159  1.500499  
8.148095  2.019490  
17.691047  15.778734  
17.534157  15.826793  
10.782242  6.954809  
17.826860  15.981478  
18.209919  15.940148  
18.207875  15.912597  
10.732895  4.592890  
18.089998  15.448854  
